53152 20250101  2.622 -119.88   34.41    15.3     2.8     9.0     8.6     0.0    11.09 C    43.2    16.5    27.7    99.1    75.3    92.6   0.069   0.085   0.128   0.268   0.299     9.7    10.4    11.4    13.1    13.9
53152 20250102  2.622 -119.88   34.41    20.3     3.6    11.9    10.3     0.0    11.69 C    36.4    13.2    22.5    93.5    28.4    78.4   0.068   0.084   0.128 -99.000   0.301    10.0    10.3    11.2    12.9    13.6
53152 20250103  2.622 -119.88   34.41    15.5     6.7    11.1    11.0     0.0     8.29 C    35.9    15.5    26.3   100.0    73.3    92.1   0.068   0.084   0.128   0.251   0.293    11.4    11.5    11.9    12.9    13.5
53152 20250104  2.622 -119.88   34.41    22.1     6.4    14.2    12.7     0.0    10.97 C    38.4    17.2    26.6    99.3    22.7    65.4   0.067   0.084   0.128 -99.000   0.295    10.9    11.1    11.6    12.9    13.5
53152 20250105  2.622 -119.88   34.41    20.1     5.6    12.8    12.3     0.0    11.51 C    36.7    14.7    24.8    71.3    23.1    52.3   0.066   0.084   0.128 -99.000   0.302    10.7    10.7    11.3    12.8    13.4
53152 20250106  2.622 -119.88   34.41    19.7     4.4    12.1    12.5     0.0    11.90 C    36.5    11.6    24.1    84.3    37.5    63.4   0.066   0.084   0.128 -99.000   0.300    11.6    11.1    11.5    12.7    13.3
53152 20250107  2.622 -119.88   34.41    22.0    11.3    16.7    17.0     0.0    11.86 C    35.7    20.2    28.8    63.7    15.6    41.0   0.065   0.084   0.129 -99.000   0.304    13.7    12.8    12.7    13.1    13.4
53152 20250108  2.622 -119.88   34.41    18.9     3.6    11.2    12.4     0.0    10.15 C    35.1     9.4    23.5    65.2    15.2    45.7   0.063   0.084   0.129   0.275   0.294    10.8    11.2    11.8    13.1    13.5
53152 20250109  2.622 -119.88   34.41    18.8     1.7    10.3     9.7     0.0    12.21 C    45.0    11.5    24.2    70.5    30.5    54.2   0.062   0.083   0.127   0.267   0.299     9.2     9.7    10.6    12.6    13.3
53152 20250110  2.622 -119.88   34.41    19.6     2.2    10.9    12.5     0.0    11.96 C    44.2     9.9    26.7    61.6    15.5    41.8   0.061   0.082   0.127 -99.000   0.297    10.6    10.3    10.8    12.4    13.1
53152 20250111  2.622 -119.88   34.41    18.5     4.1    11.3    12.1     0.0    11.92 C    37.0    11.8    23.9    69.2    17.0    49.1   0.060   0.082   0.127 -99.000   0.297    10.9    10.7    11.1    12.4    13.1
53152 20250112  2.622 -119.88   34.41    17.1     2.8    10.0     9.6     0.0    12.23 C    35.9    10.0    21.1    66.3    30.4    52.2   0.060   0.082   0.127   0.264   0.302     9.1     9.6    10.4    12.3    13.0
53152 20250113  2.622 -119.88   34.41    18.2     1.6     9.9     9.4     0.0    12.32 C    45.2    10.7    24.3    66.1    22.1    49.2   0.060   0.082   0.126 -99.000   0.301     9.1     9.4    10.1    12.0    12.9
53152 20250114  2.622 -119.88   34.41    16.8     0.7     8.8     9.1     0.0    12.34 C    48.5    13.3    27.4    75.0    33.3    57.6   0.060   0.081   0.125   0.276   0.296     8.9     9.2     9.9    11.8    12.7
53152 20250115  2.622 -119.88   34.41    18.1     1.7     9.9     9.6     0.0    12.41 C    38.1     9.0    21.4    81.4    27.2    62.0   0.060   0.081   0.125 -99.000   0.296     9.1     9.2     9.9    11.7    12.6
53152 20250116  2.622 -119.88   34.41    17.9     0.7     9.3     9.5     0.0    12.56 C    43.3     7.1    22.4    87.2    24.9    60.7   0.060   0.081   0.125 -99.000   0.297     9.1     9.2     9.9    11.7    12.5
53152 20250117  2.622 -119.88   34.41    15.9     4.1    10.0     9.9     0.0    12.08 C    33.8    11.8    22.4    93.1    62.9    83.1   0.060   0.081   0.126 -99.000   0.294    10.5    10.4    10.7    11.9    12.5
53152 20250118  2.622 -119.88   34.41    15.9     2.6     9.3     8.9     0.0    11.24 C    28.6     8.0    16.9    95.6    66.5    84.8   0.059   0.081   0.126 -99.000   0.294    10.3    10.3    10.7    11.9    12.5
53152 20250119  2.622 -119.88   34.41    15.2     2.6     8.9     8.7     0.0    10.06 C    27.8     5.7    17.0    97.5    70.1    86.3   0.059   0.081   0.126   0.274   0.288    10.2    10.3    10.8    12.0    12.5
53152 20250120  2.622 -119.88   34.41    15.4     5.0    10.2    10.1     0.0    12.65 C    30.0     7.8    17.8    94.7    61.6    78.4   0.059   0.081   0.126 -99.000   0.295    10.7    10.7    11.1    12.1    12.6
53152 20250121  2.622 -119.88   34.41    17.1     0.3     8.7     9.2     0.0    13.27 C    43.4     6.1    22.8    77.2    38.8    61.6   0.058   0.081   0.125 -99.000   0.293     9.0     9.2    10.0    11.7    12.5
53152 20250122  2.622 -119.88   34.41    19.3     2.2    10.8     9.9     0.0    11.63 C    31.5    11.3    18.3    69.9    17.6    47.5   0.058   0.081   0.125   0.265   0.294     9.2     9.3    10.0    11.7    12.4
53152 20250123  2.622 -119.88   34.41    22.3     1.0    11.6    11.1     0.0    13.53 C    40.7     8.7    22.8    65.3    12.9    42.2   0.058   0.080   0.125 -99.000   0.297     9.6     9.3     9.9    11.5    12.3
53152 20250124  2.622 -119.88   34.41    18.9     1.9    10.4     9.8     0.0    13.44 C    31.7     6.4    17.9    69.8    17.1    48.1   0.057   0.080   0.125 -99.000   0.298     9.4     9.3     9.9    11.5    12.2
53152 20250125  2.622 -119.88   34.41    15.2     3.6     9.4    10.3     0.0     7.57 C    28.5    11.2    19.6    77.6    56.5    69.8   0.057   0.080   0.125   0.265   0.284    11.1    10.7    10.9    11.7    12.3
53152 20250126  2.622 -119.88   34.41    12.3     5.5     8.9     8.9    62.8     4.52 C    26.3    11.1    17.7    94.8    72.6    84.2   0.147   0.160   0.188   0.331   0.358     8.6     9.2     9.7    10.9    11.7
53152 20250127  2.622 -119.88   34.41    14.7     2.5     8.6     8.4     0.0    10.86 C    23.8    -1.2    13.8    99.3    60.0    84.0   0.254   0.257   0.250   0.373   0.406     8.2     8.6     9.3    10.8    11.6
53152 20250128  2.622 -119.88   34.41    16.4     3.4     9.9    10.0     0.0    13.38 C    29.9    -0.1    13.6    78.7    45.7    68.6   0.245   0.253   0.250 -99.000   0.394     8.9     8.9     9.5    10.8    11.5
53152 20250129  2.622 -119.88   34.41    15.4     5.1    10.2     9.6     0.0    13.00 C    33.2     5.3    15.1    88.2    58.6    78.2   0.239   0.250   0.249 -99.000   0.386     9.4     9.5     9.9    11.0    11.6
53152 20250130  2.622 -119.88   34.41    15.1     4.9    10.0     9.6     0.0    10.12 C    32.1     8.1    16.1    92.7    59.5    79.4   0.236   0.248   0.247 -99.000   0.380     9.6     9.6    10.1    11.0    11.6
53152 20250131  2.622 -119.88   34.41    15.4     3.6     9.5     9.3     0.0    11.46 C    32.8     7.7    17.1    93.6    63.4    82.3   0.234   0.247   0.247 -99.000   0.391     9.7     9.7    10.1    11.1    11.6
53152 20250201  2.622 -119.88   34.41    20.3     6.4    13.3    12.9     0.0    13.16 C    37.9    12.5    21.9    92.2    68.3    82.5   0.232   0.246   0.247 -99.000   0.382    12.0    11.1    10.9    11.3    11.7
53152 20250202  2.622 -119.88   34.41    14.1     8.6    11.3    11.3     0.0     8.12 C    28.9    12.4    18.4    99.9    92.0    97.2   0.231   0.245   0.247   0.352   0.373    12.4    11.9    11.7    11.8    12.0
53152 20250203  2.622 -119.88   34.41    14.1     6.7    10.4    10.3     0.3     8.98 C    25.2     7.1    16.5   100.0    87.0    96.6   0.230   0.245   0.247   0.351   0.370    12.1    12.1    12.1    12.2    12.2
53152 20250204  2.622 -119.88   34.41    15.4     5.1    10.3    11.0    21.6     5.85 C    23.2     6.8    14.9    96.4    76.9    91.6   0.242   0.251   0.252   0.356   0.377    11.4    11.4    11.7    12.1    12.4
53152 20250205  2.622 -119.88   34.41    15.5    12.3    13.9    13.9    12.3     5.74 C    26.0    15.5    20.6    98.5    90.9    96.1   0.314   0.319   0.328   0.422   0.431    13.9    13.2    12.7    12.4    12.5
53152 20250206  2.622 -119.88   34.41    14.6    11.6    13.1    13.1    21.5     3.33 C    19.6    13.4    16.7    99.3    89.9    95.8   0.322   0.328   0.360   0.428   0.432    13.3    13.2    13.1    12.9    12.8
53152 20250207  2.622 -119.88   34.41    17.3     7.6    12.5    12.9     0.3    13.96 C    36.0     3.4    17.7    98.5    62.6    83.4   0.327   0.347   0.411   0.452   0.444    12.7    12.9    13.0    13.0    13.0
53152 20250208  2.622 -119.88   34.41    17.5     4.5    11.0    10.4     0.0    15.58 C    36.3     1.4    13.8    92.4    43.0    76.7   0.321   0.344   0.403 -99.000   0.448    10.8    11.3    11.9    12.8    13.0
53152 20250209  2.622 -119.88   34.41    17.0     4.0    10.5    10.8     0.0    14.34 C    36.3     3.1    15.6    80.3    44.4    70.8   0.318   0.338   0.389 -99.000   0.449    10.6    10.9    11.5    12.5    12.8
53152 20250210  2.622 -119.88   34.41    15.6     4.3    10.0    10.1     0.0    15.55 C    33.7     2.7    14.4    92.4    58.7    77.7   0.316   0.333   0.383 -99.000   0.455    10.5    10.8    11.3    12.3    12.6
53152 20250211  2.622 -119.88   34.41    17.9     4.2    11.0    11.3     0.0    15.54 C    31.2     3.4    15.5    82.1    38.5    63.1   0.313   0.330   0.378 -99.000   0.449    10.0    10.5    11.1    12.1    12.5
53152 20250212  2.622 -119.88   34.41    12.2     8.7    10.5    10.8     7.3     3.94 C    17.1    12.4    15.1    97.1    72.5    91.2   0.318   0.332   0.380   0.451   0.441    11.3    11.4    11.6    12.1    12.4
53152 20250213  2.622 -119.88   34.41    14.8    11.6    13.2    12.9    44.4     1.14 C    21.6    16.0    18.7    98.3    87.5    95.9   0.391   0.384   0.413   0.457   0.442    12.4    12.2    12.1    12.2    12.5
53152 20250214  2.622 -119.88   34.41    17.4     9.1    13.2    13.4     0.8    13.24 C    28.1    13.1    20.6    96.0    52.9    75.7   0.404   0.396   0.419   0.457   0.446    12.4    12.5    12.5    12.5    12.6
53152 20250215  2.622 -119.88   34.41    16.0     4.4    10.2    11.0     0.0    15.93 C    31.4     9.7    18.2    87.9    56.3    74.5   0.391   0.392   0.418 -99.000   0.451    11.3    11.8    12.0    12.4    12.7
53152 20250216  2.622 -119.88   34.41    17.1     5.7    11.4    11.4     0.0    14.95 C    31.4    12.0    19.4    91.6    45.6    77.3   0.375   0.388   0.419   0.457   0.448    11.6    11.7    12.0    12.4    12.6
53152 20250217  2.622 -119.88   34.41    17.0     6.9    11.9    12.4     0.0    15.76 C    36.4    14.2    22.2    91.9    65.6    80.2   0.365   0.376   0.419 -99.000   0.447    12.0    11.9    12.1    12.4    12.6
53152 20250218  2.622 -119.88   34.41    16.6     6.2    11.4    11.7     0.0    15.87 C    34.7    14.9    22.6    90.5    49.5    79.4   0.355   0.370   0.419 -99.000   0.449    12.0    11.9    12.1    12.5    12.7
53152 20250219  2.622 -119.88   34.41    19.7     5.8    12.8    12.5     0.0    15.05 C    37.2    16.8    24.6    90.5    40.3    77.2   0.348   0.367   0.418 -99.000   0.449    12.4    12.1    12.3    12.6    12.7
53152 20250220  2.622 -119.88   34.41    21.3     6.3    13.8    12.6     0.0    17.40 C    41.6    17.0    25.4    94.6    36.9    80.5   0.342   0.364   0.399 -99.000   0.451    12.6    12.2    12.3    12.7    12.8
53152 20250221  2.622 -119.88   34.41    18.6     6.3    12.4    12.4     0.0    16.10 C    42.5    16.8    25.7    88.1    54.6    75.0   0.337   0.357   0.396 -99.000   0.448    12.2    12.0    12.2    12.7    12.9
53152 20250222  2.622 -119.88   34.41    19.0     6.4    12.7    12.5     0.0    16.52 C    43.6    16.6    27.6    96.9    57.8    78.7   0.334   0.351   0.391 -99.000   0.447    12.5    12.1    12.2    12.7    12.9
53152 20250223  2.622 -119.88   34.41    19.0     5.5    12.2    12.5     0.0    17.38 C    46.2    19.8    30.6    96.2    52.5    83.1   0.329   0.347   0.388 -99.000   0.449    12.9    12.5    12.5    12.8    13.0
53152 20250224  2.622 -119.88   34.41    23.9     7.4    15.7    14.5     0.0    17.25 C    44.1    20.6    30.9    90.5    32.5    71.4   0.324   0.343   0.385 -99.000   0.449    13.5    13.0    12.8    13.0    13.1
53152 20250225  2.622 -119.88   34.41    24.7    10.5    17.6    17.0     0.0    18.27 C    44.7    16.8    29.3    88.7    19.1    61.7   0.323   0.339   0.383 -99.000   0.450    14.3    13.6    13.3    13.2    13.2
53152 20250226  2.622 -119.88   34.41    21.8     6.6    14.2    13.5     0.2    18.71 C    41.5    12.5    26.0    98.6    36.6    77.8   0.320   0.336   0.378 -99.000   0.449    13.5    13.1    13.1    13.4    13.4
53152 20250227  2.622 -119.88   34.41    26.9     7.4    17.2    14.9     0.3    15.07 C    41.8    20.2    28.6    98.2    16.1    72.2   0.318   0.333   0.374   0.442   0.443    13.7    13.2    13.2    13.4    13.5
53152 20250228  2.622 -119.88   34.41    17.0     7.0    12.0    12.3     0.0    16.56 C    39.7    21.7    33.0    92.0    72.8    83.8   0.316   0.330   0.372 -99.000   0.444    13.5    13.2    13.3    13.5    13.5
53152 20250301  2.622 -119.88   34.41    17.0    11.6    14.3    13.8     0.0    15.81 C    42.5    25.8    38.7    92.8    70.4    83.8   0.313   0.327   0.369 -99.000   0.438    14.7    14.1    13.9    13.7    13.6
53152 20250302  2.622 -119.88   34.41    16.0     8.8    12.4    12.6     0.3    16.91 C    45.4    29.5    39.1    88.9    55.6    72.0   0.311   0.325   0.367 -99.000   0.433    13.0    13.3    13.6    13.8    13.8
53152 20250303  2.622 -119.88   34.41    18.8     9.8    14.3    12.9     0.0    19.38 C    42.9    24.7    36.7    74.1    37.0    59.7   0.309   0.322   0.364 -99.000   0.433    12.1    12.4    13.0    13.5    13.7
53152 20250304  2.622 -119.88   34.41    15.6     5.8    10.7    11.3     0.0    18.24 C    50.8    29.1    38.8    91.8    62.0    77.3   0.306   0.318   0.358 -99.000   0.427    12.7    12.4    12.6    13.3    13.5
53152 20250305  2.622 -119.88   34.41    12.1     8.0    10.0    10.5     7.1     2.86 C    50.8    44.3    47.2    97.5    73.8    90.3   0.317   0.322   0.363   0.436   0.421    11.4    12.1    12.6    13.2    13.4
53152 20250306  2.622 -119.88   34.41    12.2     6.9     9.6    10.1     0.0     9.70 C    53.0    41.1    48.8    79.4    58.1    71.4   0.322   0.330   0.369   0.439   0.433    10.2    11.2    12.1    13.0    13.3
53152 20250307  2.622 -119.88   34.41    17.0     5.6    11.3    11.5     0.0    19.34 C    50.9    28.9    40.8    77.0    45.9    64.7   0.316   0.328   0.367 -99.000   0.440    11.0    11.1    11.6    12.6    13.0
53152 20250308  2.622 -119.88   34.41    16.6     3.2     9.9    10.0     0.0    20.43 C    58.1    27.1    43.0    79.3    36.6    69.0   0.312   0.325   0.363 -99.000   0.439    11.1    11.0    11.4    12.4    12.9
53152 20250309  2.622 -119.88   34.41    14.8     3.6     9.2     9.2     0.0    20.15 C    58.4    29.9    45.4    92.1    74.7    81.4   0.309   0.323   0.362 -99.000   0.430    11.0    11.2    11.5    12.4    12.8
53152 20250310  2.622 -119.88   34.41    18.3     3.2    10.8    11.2     0.0    18.59 C    53.9    25.6    41.3    90.0    31.6    63.8   0.307   0.320   0.360 -99.000   0.429    11.3    11.2    11.5    12.4    12.7
53152 20250311  2.622 -119.88   34.41    17.3     8.7    13.0    12.4     2.0    12.07 C    47.4    33.9    41.0    90.1    47.5    72.9   0.308   0.320   0.359   0.434   0.422    12.0    11.9    12.1    12.5    12.8
53152 20250312  2.622 -119.88   34.41    15.1     8.1    11.6    11.8    28.2     7.33 C    49.4    35.3    43.6    96.3    85.9    91.8   0.317   0.326   0.364   0.436   0.420    12.4    12.2    12.3    12.6    12.9
53152 20250313  2.622 -119.88   34.41    14.3     6.5    10.4    10.5     5.1    18.18 C    52.8    31.4    44.3    95.7    48.2    75.4   0.400   0.392   0.412   0.454   0.444    11.8    12.3    12.3    12.7    12.9
53152 20250314  2.622 -119.88   34.41    11.4     6.9     9.2     9.4     5.6     6.37 C    53.8    40.6    47.8    93.3    67.7    84.2   0.402   0.396   0.419   0.455   0.442    10.6    11.6    11.8    12.5    12.8
53152 20250315  2.622 -119.88   34.41    18.0     6.7    12.3    12.4     0.0    20.70 C    48.7    23.9    39.7    84.2    52.2    68.0   0.399   0.397   0.413 -99.000   0.447    12.2    12.0    11.9    12.3    12.6
53152 20250316  2.622 -119.88   34.41    15.4     5.5    10.4    10.8     0.0    17.11 C    47.3    29.0    39.7    92.5    74.4    84.2   0.387   0.394   0.419 -99.000   0.448    12.3    12.2    12.1    12.4    12.7
53152 20250317  2.622 -119.88   34.41    16.3     7.5    11.9    11.5     2.7    11.00 C    45.3    26.5    38.8    97.1    51.6    81.4   0.378   0.392   0.421   0.456   0.444    11.7    12.1    12.4    12.6    12.8
53152 20250318  2.622 -119.88   34.41    19.3     7.0    13.2    13.0     0.0    21.74 C    44.4    25.9    37.1    71.4    35.2    60.8   0.373   0.387   0.420 -99.000   0.451    12.8    12.4    12.4    12.6    12.8
53152 20250319  2.622 -119.88   34.41    17.5     5.0    11.3    11.6     0.0    21.42 C    44.0    19.5    32.3    81.9    36.5    66.7   0.363   0.372   0.418 -99.000   0.454    12.2    12.0    12.3    12.7    12.8
53152 20250320  2.622 -119.88   34.41    18.7     4.8    11.8    12.6     0.0    21.35 C    33.0    18.5    23.8    93.4    32.6    73.3   0.353   0.366   0.419 -99.000   0.451    12.8    12.2    12.2    12.7    12.9
53152 20250321  2.622 -119.88   34.41    18.3     7.3    12.8    12.9     0.2    21.28 C    26.9    14.7    20.5    93.6    58.8    78.1   0.347   0.362   0.415 -99.000   0.449    13.9    13.1    12.9    12.9    13.0
53152 20250322  2.622 -119.88   34.41    18.2     6.7    12.5    12.8     0.0    19.78 C    29.9    15.1    21.5    94.4    55.2    82.6   0.343   0.357   0.403 -99.000   0.447    14.0    13.4    13.2    13.2    13.2
53152 20250323  2.622 -119.88   34.41    16.9     8.6    12.7    13.0     0.0    21.57 C    32.0    16.6    23.3    95.9    74.2    85.9   0.338   0.351   0.387 -99.000   0.449    14.7    13.9    13.6    13.4    13.4
53152 20250324  2.622 -119.88   34.41    18.4    10.7    14.6    13.7     0.3    21.81 C    32.8    17.1    24.0    99.7    76.0    90.1   0.333   0.343   0.380 -99.000   0.450    15.5    14.6    14.1    13.8    13.6
53152 20250325  2.622 -119.88   34.41    14.9    11.5    13.2    12.8     0.2    11.77 C    27.6    21.5    23.6    99.6    86.8    93.9   0.328   0.338   0.378   0.452   0.441    15.1    14.7    14.4    14.1    13.9
53152 20250326  2.622 -119.88   34.41    16.9    11.2    14.1    13.3     0.6     9.35 C    29.9    21.3    24.7    98.0    67.9    87.5   0.329   0.335   0.374   0.451   0.442    14.9    14.7    14.5    14.2    14.1
53152 20250327  2.622 -119.88   34.41    16.9     8.7    12.8    13.6     0.0    18.94 C    33.5    21.0    26.9    97.6    70.9    85.0   0.324   0.331   0.371 -99.000   0.443    15.3    14.6    14.4    14.3    14.1
53152 20250328  2.622 -119.88   34.41    19.1     9.9    14.5    14.7     0.0    21.97 C    33.2    22.8    27.8    78.8    53.3    68.2   0.319   0.327   0.367 -99.000   0.436    14.9    14.6    14.5    14.4    14.3
53152 20250329  2.622 -119.88   34.41    17.7     6.5    12.1    12.8     0.3    20.35 C    36.1    24.8    31.1    84.8    49.7    74.1   0.313   0.322   0.363   0.444   0.427    14.6    14.1    14.1    14.3    14.3
53152 20250330  2.622 -119.88   34.41    13.3     9.2    11.3    11.9     5.8     7.64 C    33.5    27.1    30.3    97.5    80.1    91.9   0.321   0.323   0.363   0.445   0.423    13.7    14.0    14.3    14.4    14.3
53152 20250331  2.622 -119.88   34.41    16.4    12.9    14.6    14.2     1.9    18.24 C    33.1    26.5    29.2    98.6    71.0    88.3   0.327   0.329   0.367   0.447   0.432    15.8    15.1    14.7    14.4    14.3
53152 20250401  2.622 -119.88   34.41    17.9    10.2    14.0    13.3     0.0    19.72 C    34.0    24.9    29.0    76.0    36.9    60.7   0.319   0.326   0.366 -99.000   0.431    13.9    14.1    14.4    14.6    14.5
53152 20250402  2.622 -119.88   34.41    18.9     9.5    14.2    12.5     0.0    23.19 C    34.9    21.3    26.2    72.7    37.1    59.9   0.311   0.321   0.362   0.444   0.425    13.4    13.4    13.9    14.3    14.4
53152 20250403  2.622 -119.88   34.41    16.5     6.7    11.6    11.9     0.0    23.48 C    39.6    14.4    28.1    77.3    52.1    69.2   0.305   0.315   0.357 -99.000   0.426    13.6    13.2    13.5    14.0    14.2
53152 20250404  2.622 -119.88   34.41    19.1     6.1    12.6    13.2     0.0    23.19 C    39.1    13.2    31.0    89.4    36.1    68.4   0.299   0.308   0.355   0.441   0.424    14.0    13.5    13.6    14.0    14.1
53152 20250405  2.622 -119.88   34.41    20.9     7.2    14.0    14.8     0.0    24.05 C    25.1     5.2    16.9    83.1    25.0    57.8   0.289   0.299   0.351   0.439   0.420    14.5    13.9    13.9    14.1    14.2
53152 20250406  2.622 -119.88   34.41    18.5     7.0    12.8    12.0     0.0    23.73 C    24.7     4.8    14.2    98.4    61.9    82.0   0.277   0.291   0.346   0.437   0.423    14.4    13.8    13.9    14.2    14.2
53152 20250407  2.622 -119.88   34.41    18.6     6.4    12.5    13.1     0.2    23.41 C    26.5    10.5    17.7    99.3    55.4    82.3   0.269   0.284   0.342   0.436   0.420    15.0    14.2    14.1    14.3    14.3
53152 20250408  2.622 -119.88   34.41    19.4     9.2    14.3    13.7     0.0    23.74 C    29.1    13.1    19.9    93.4    57.1    85.1   0.259   0.277   0.337   0.435   0.422    15.6    14.7    14.4    14.5    14.4
53152 20250409  2.622 -119.88   34.41    18.3     8.8    13.5    14.0     0.0    23.66 C    29.1    15.1    20.5    95.4    74.8    86.8   0.249   0.269   0.331 -99.000   0.417    16.1    15.1    14.7    14.7    14.6
53152 20250410  2.622 -119.88   34.41    18.7     9.4    14.0    14.2     0.0    20.12 C    29.4    14.7    21.0    98.3    73.8    88.8   0.240   0.262   0.327   0.435   0.415    16.1    15.3    15.1    15.0    14.8
53152 20250411  2.622 -119.88   34.41    20.1    10.1    15.1    14.7     0.0    23.48 C    30.4    15.3    19.7    97.0    72.7    87.1   0.231   0.255   0.323   0.434   0.416    16.8    15.7    15.3    15.1    14.9
53152 20250412  2.622 -119.88   34.41    18.3    10.9    14.6    14.1     0.0    23.03 C    25.7    13.0    17.7    95.6    73.8    87.5   0.221   0.247   0.318   0.431   0.416    16.6    15.7    15.4    15.3    15.1
53152 20250413  2.622 -119.88   34.41    14.8     8.6    11.7    12.1     0.0    20.66 C    23.8    12.9    17.1    97.0    80.8    89.2   0.211   0.240   0.314   0.432   0.413    15.3    15.0    15.1    15.3    15.2
53152 20250414  2.622 -119.88   34.41    14.5    10.4    12.4    12.1     0.4     8.14 C    18.8    13.0    16.5    98.6    80.9    90.6   0.206   0.235   0.310   0.431   0.412    14.8    14.9    15.1    15.3    15.2
53152 20250415  2.622 -119.88   34.41    16.7     9.2    12.9    12.6     0.2    12.89 C    23.4    12.0    16.3    89.2    65.7    79.4   0.202   0.231   0.307   0.430   0.412    14.8    14.7    14.9    15.2    15.2
53152 20250416  2.622 -119.88   34.41    17.3     8.9    13.1    13.6     0.3    21.07 C    26.1    14.7    19.7    90.0    71.4    80.8   0.193   0.225   0.303   0.429   0.413    16.5    15.4    15.1    15.1    15.1
53152 20250417  2.622 -119.88   34.41    16.9     9.1    13.0    14.0     0.6    12.19 C    26.3    13.4    19.2    85.4    75.0    79.4   0.185   0.218   0.298   0.428   0.410    15.6    15.4    15.5    15.4    15.3
53152 20250418  2.622 -119.88   34.41    16.9     7.9    12.4    12.7     0.3    17.11 C    30.8    13.6    19.5    92.6    72.0    81.4   0.178   0.213   0.294 -99.000   0.414    14.5    14.3    14.7    15.2    15.3
53152 20250419  2.622 -119.88   34.41    17.2     7.5    12.3    12.5     0.2    25.53 C    28.4    14.3    20.2    97.3    75.3    86.6   0.168   0.206   0.287 -99.000   0.422    15.2    14.5    14.6    15.1    15.2
53152 20250420  2.622 -119.88   34.41    16.3     9.3    12.8    13.1     0.2    23.62 C    30.7    15.8    21.4    96.7    77.3    88.4   0.157   0.198   0.275 -99.000   0.418    16.2    15.2    15.0    15.2    15.2
53152 20250421  2.622 -119.88   34.41    16.5    11.0    13.8    13.1     0.0    23.83 C    29.1    16.1    21.4    96.7    76.0    88.7   0.149   0.190   0.281 -99.000   0.421    17.2    15.9    15.6    15.4    15.3
53152 20250422  2.622 -119.88   34.41    14.7    11.2    12.9    12.6     0.2     7.89 C    23.1    18.5    19.9    95.1    83.3    89.4   0.144   0.184   0.277   0.421   0.408    15.3    15.3    15.6    15.6    15.5
53152 20250423  2.622 -119.88   34.41    16.2     8.5    12.3    12.6     0.0    15.22 C    27.6    10.3    19.3    95.8    73.1    84.8   0.141   0.180   0.272 -99.000   0.413    15.2    15.0    15.3    15.5    15.5
53152 20250424  2.622 -119.88   34.41    18.7     7.3    13.0    12.9     0.3    23.27 C    34.3    10.5    22.4    91.3    63.2    77.0   0.136   0.173   0.266 -99.000   0.414    15.7    14.8    14.8    15.3    15.4
53152 20250425  2.622 -119.88   34.41    18.2     8.9    13.5    13.4     0.3    20.91 C    29.7    12.1    19.7    79.8    52.4    70.7   0.129   0.166   0.260 -99.000   0.410    16.2    15.3    15.2    15.4    15.4
53152 20250426  2.622 -119.88   34.41    15.7     7.5    11.6    11.6     7.0    20.83 C    27.3    11.4    18.7    91.4    58.4    77.5   0.134   0.162   0.247 -99.000   0.414    15.0    14.8    15.0    15.4    15.5
53152 20250427  2.622 -119.88   34.41    16.7     7.9    12.3    12.6     0.0    17.78 C    28.3    12.1    19.0    83.3    69.3    76.8   0.137   0.162   0.253 -99.000   0.407    14.8    14.6    14.9    15.4    15.4
53152 20250428  2.622 -119.88   34.41 -9999.0 -9999.0 -9999.0 -9999.0 -9999.0 -9999.00 U -9999.0 -9999.0 -9999.0 -9999.0 -9999.0 -9999.0 -99.000 -99.000 -99.000 -99.000 -99.000 -9999.0 -9999.0 -9999.0 -9999.0 -9999.0
53152 20250429  2.622 -119.88   34.41    17.7     8.0    12.8    13.4     0.0    27.36 C    25.9     4.2    14.5    96.2    74.2    88.3   0.125   0.155   0.238 -99.000   0.413    16.7    15.4    15.1    15.3    15.4
53152 20250430  2.622 -119.88   34.41    15.6    11.5    13.5    13.6     0.0     7.52 C    19.0    11.4    14.4    97.9    83.3    91.4   0.122   0.152   0.238   0.400   0.401    16.0    15.8    15.8    15.7    15.6
53152 20250501  2.622 -119.88   34.41    15.5    11.3    13.4    13.5     0.0     7.95 C    19.4     7.2    13.8    94.7    82.4    88.8   0.120   0.150   0.236   0.399   0.400    15.8    15.6    15.7    15.7    15.6
53152 20250502  2.622 -119.88   34.41    16.5    12.1    14.3    13.9     0.0    10.73 C    19.9     8.4    14.3    94.3    78.0    87.2   0.118   0.148   0.232   0.396   0.399    15.9    15.5    15.6    15.7    15.6
53152 20250503  2.622 -119.88   34.41    18.3    10.1    14.2    14.1     0.0    11.85 C    24.2     6.2    14.0    92.4    72.4    82.3   0.116   0.146   0.227   0.394   0.398    15.8    15.5    15.5    15.7    15.7
53152 20250504  2.622 -119.88   34.41    18.6     9.0    13.8    14.0     0.0    22.97 C    26.4     4.3    14.7    88.7    62.4    75.2   0.112   0.142   0.220 -99.000   0.402    16.7    15.5    15.3    15.6    15.6
53152 20250505  2.622 -119.88   34.41    17.3     8.9    13.1    13.9     0.0    24.50 C    27.2     5.2    14.9    92.1    74.3    84.0   0.108   0.138   0.212 -99.000   0.402    17.3    16.0    15.6    15.7    15.7
53152 20250506  2.622 -119.88   34.41    17.9    13.2    15.6    15.0     0.0    14.88 C    23.9    12.6    16.3    91.6    75.4    83.9   0.105   0.135   0.206   0.380   0.398    17.9    16.8    16.4    16.1    15.9
53152 20250507  2.622 -119.88   34.41    18.2    12.1    15.1    14.8     0.0    24.78 C    25.6     7.2    16.0    91.3    73.8    83.3   0.103   0.132   0.200 -99.000   0.404    18.7    17.3    16.7    16.3    16.1
53152 20250508  2.622 -119.88   34.41    18.6    10.0    14.3    14.3     0.0    24.10 C    25.8     6.2    15.6    97.3    74.8    89.5   0.100   0.130   0.197 -99.000   0.401    18.4    17.0    16.5    16.4    16.3
53152 20250509  2.622 -119.88   34.41    20.2    12.7    16.4    15.9     0.2    26.61 C    29.7    10.0    17.7   100.0    74.5    89.3   0.098   0.127   0.193 -99.000   0.399    20.2    18.2    17.2    16.7    16.4
53152 20250510  2.622 -119.88   34.41    21.9    12.7    17.3    17.2     0.0    27.46 C    30.9     7.7    18.6    96.8    69.7    86.1   0.095   0.124   0.189 -99.000   0.400    20.7    18.7    17.7    17.1    16.7
53152 20250511  2.622 -119.88   34.41    29.0    11.9    20.4    19.0     0.0    27.86 C    31.3     7.6    19.7    97.2    24.2    71.9   0.092   0.121   0.185 -99.000   0.400    21.0    18.8    17.8    17.3    16.9
53152 20250512  2.622 -119.88   34.41    20.9    12.3    16.6    16.4     0.0    27.88 C    29.8     8.4    17.4    89.0    40.6    72.5   0.089   0.118   0.182 -99.000   0.396    19.9    18.6    18.0    17.6    17.2
53152 20250513  2.622 -119.88   34.41    19.5     7.6    13.5    15.0     0.0    28.38 C    27.1     2.9    15.2    76.5    48.7    63.6   0.087   0.116   0.178 -99.000   0.395    18.7    17.6    17.3    17.4    17.2
53152 20250514  2.622 -119.88   34.41    20.4     8.7    14.6    15.0     0.0    28.17 C    27.5     3.5    15.5    87.1    51.7    70.0   0.085   0.113   0.177 -99.000   0.391    19.3    17.7    17.2    17.3    17.2
53152 20250515  2.622 -119.88   34.41    18.5    10.6    14.6    14.7     0.0    27.64 C    27.5     5.8    16.3    94.8    70.5    83.4   0.083   0.111   0.175 -99.000   0.387    19.7    18.1    17.5    17.4    17.2
53152 20250516  2.622 -119.88   34.41    17.9    11.2    14.5    14.4     0.0    17.44 C    27.0     6.7    15.3    93.2    75.6    85.1   0.081   0.109   0.173 -99.000   0.378    18.9    18.0    17.7    17.6    17.4
53152 20250517  2.622 -119.88   34.41    20.6    10.6    15.6    15.6     0.0    19.81 C    27.9     6.5    16.6    91.6    55.5    75.6   0.080   0.108   0.171   0.312   0.375    19.4    18.2    17.7    17.6    17.4
53152 20250518  2.622 -119.88   34.41    19.3     8.5    13.9    14.6     0.0    27.72 C    27.9     4.4    15.6    92.4    61.5    78.5   0.078   0.107   0.170 -99.000   0.377    19.3    17.9    17.3    17.5    17.4
53152 20250519  2.622 -119.88   34.41    21.1     9.6    15.4    15.5     0.3    28.36 C    29.0     5.0    16.5    94.2    54.6    79.3   0.077   0.106   0.168 -99.000   0.376    19.9    18.2    17.5    17.6    17.4
53152 20250520  2.622 -119.88   34.41    22.7    11.8    17.3    17.0     0.0    28.49 C    30.6     6.9    17.8    94.6    54.6    80.8   0.075   0.105   0.167 -99.000   0.371    20.9    18.9    18.0    17.8    17.6
53152 20250521  2.622 -119.88   34.41    20.8    12.4    16.6    16.2     0.0    28.61 C    29.7     7.0    17.4    94.5    65.9    83.6   0.074   0.104   0.165 -99.000   0.366    20.9    19.1    18.2    18.0    17.8
53152 20250522  2.622 -119.88   34.41    20.0    11.8    15.9    15.9     0.0    26.30 C    29.4     7.6    17.4    95.7    75.9    88.0   0.073   0.103   0.164 -99.000   0.361    21.1    19.3    18.4    18.2    17.9
53152 20250523  2.622 -119.88   34.41    20.9    10.9    15.9    16.2     0.0    27.20 C    29.0     6.6    17.4    97.1    59.8    79.8   0.072   0.102   0.163 -99.000   0.359    21.0    19.3    18.5    18.3    18.1
53152 20250524  2.622 -119.88   34.41    21.2     9.6    15.4    15.6     0.0    25.53 C    30.3     5.0    16.5    86.7    61.0    76.6   0.071   0.100   0.162 -99.000   0.351    20.5    19.0    18.4    18.4    18.2
53152 20250525  2.622 -119.88   34.41    19.9     9.7    14.8    15.5     0.0    26.38 C    29.0     5.7    16.4    89.2    63.0    76.8   0.070   0.098   0.161 -99.000   0.346    20.1    18.8    18.3    18.4    18.2
53152 20250526  2.622 -119.88   34.41    20.2     9.7    15.0    15.6     0.0    25.94 C    30.0     6.3    17.0    93.0    65.4    80.3   0.068   0.097   0.160   0.277   0.342    20.3    18.9    18.4    18.4    18.3
53152 20250527  2.622 -119.88   34.41    20.4    11.1    15.7    15.3     0.0    21.81 C    29.0     6.8    16.2    94.8    72.4    84.4   0.067   0.097   0.159 -99.000   0.347    20.0    18.9    18.5    18.5    18.3
53152 20250528  2.622 -119.88   34.41    17.1    13.4    15.3    15.1     0.0     9.90 C    21.2    12.0    15.8    93.5    75.7    85.5   0.065   0.096   0.158   0.275   0.329    18.6    18.5    18.5    18.5    18.4
53152 20250529  2.622 -119.88   34.41    19.5    12.1    15.8    15.7     0.0    23.50 C    28.1     7.5    17.3    91.6    68.3    81.1   0.065   0.095   0.158 -99.000   0.334    20.9    19.3    18.6    18.4    18.3
53152 20250530  2.622 -119.88   34.41    20.4    10.3    15.4    15.9     0.0    27.97 C    29.6     6.8    17.6    97.0    74.1    85.9   0.064   0.095   0.158 -99.000   0.338    20.9    19.4    18.5    18.4    18.3
53152 20250531  2.622 -119.88   34.41    19.1    14.3    16.7    16.1     0.2    16.51 C    28.2    14.3    18.5    99.4    82.3    92.6   0.063   0.094   0.157   0.271   0.323    21.3    20.2    19.4    18.9    18.5
53152 20250601  2.622 -119.88   34.41    20.1    13.9    17.0    15.7     0.2    20.62 C    30.8    11.5    18.3   100.0    76.5    91.5   0.063   0.094   0.156 -99.000   0.327    21.7    20.4    19.5    19.0    18.7
53152 20250602  2.622 -119.88   34.41    19.0    13.7    16.3    15.9     0.3    11.08 C    23.8    13.7    17.5    95.1    77.9    86.1   0.062   0.093   0.156   0.270   0.316    20.2    19.8    19.4    19.1    18.8
53152 20250603  2.622 -119.88   34.41    19.4    13.5    16.4    15.6     0.2    15.80 C    27.9    11.6    17.0    97.3    74.1    87.0   0.061   0.093   0.156   0.268   0.317    19.8    19.3    19.1    19.0    18.8
53152 20250604  2.622 -119.88   34.41    18.0    13.6    15.8    15.5     0.0    12.03 C    24.2    11.8    17.0    93.4    79.7    86.8   0.061   0.093   0.155   0.268   0.313    19.4    19.1    18.9    18.9    18.8
53152 20250605  2.622 -119.88   34.41    18.4    12.3    15.3    15.6     0.0    16.29 C    24.0     8.7    17.1    98.0    74.7    87.2   0.060   0.092   0.155   0.265   0.311    19.6    19.2    18.9    18.8    18.7
53152 20250606  2.622 -119.88   34.41    18.5    12.5    15.5    15.3     0.0    15.54 C    27.0     8.7    16.6    95.1    73.4    85.7   0.060   0.092   0.155   0.267   0.309    19.3    18.8    18.6    18.7    18.7
53152 20250607  2.622 -119.88   34.41    20.2    11.5    15.8    15.6     0.4    24.80 C    30.5     7.9    17.8    93.8    67.4    82.7   0.060   0.092   0.155   0.263   0.314    20.8    19.5    18.7    18.6    18.6
53152 20250608  2.622 -119.88   34.41    19.8    13.2    16.5    16.4     0.0    19.29 C    30.4    10.7    18.6    93.0    73.5    84.0   0.059   0.091   0.154 -99.000   0.315    21.4    20.1    19.2    18.9    18.7
53152 20250609  2.622 -119.88   34.41    19.2    14.7    17.0    16.3     0.0    15.71 C    27.5    13.3    18.0    92.4    75.7    85.9   0.059   0.091   0.154   0.266   0.302    20.8    20.0    19.4    19.1    18.9
53152 20250610  2.622 -119.88   34.41    19.7    13.6    16.6    16.4     0.0    18.06 C    29.9    10.4    18.4    95.4    74.7    87.2   0.059   0.091   0.154   0.265   0.304    21.2    20.1    19.4    19.2    18.9
53152 20250611  2.622 -119.88   34.41    20.3    12.7    16.5    16.3     0.3    22.31 C    32.1     8.1    18.4    97.5    74.2    86.8   0.059   0.090   0.154   0.264   0.305    21.7    20.1    19.3    19.1    19.0
53152 20250612  2.622 -119.88   34.41    20.5    11.5    16.0    16.3     0.0    24.65 C    32.2     7.1    18.5    97.8    72.0    84.9   0.059   0.090   0.153   0.260   0.306    21.8    20.1    19.3    19.2    19.0
53152 20250613  2.622 -119.88   34.41    21.4    14.1    17.7    16.7     0.0    19.99 C    33.1    12.7    19.4    93.7    69.3    84.3   0.059   0.090   0.153   0.264   0.305    22.3    20.9    20.0    19.5    19.2
53152 20250614  2.622 -119.88   34.41    20.7    12.8    16.7    16.4     0.0    19.34 C    31.4     7.8    18.5    95.4    74.0    86.5   0.058   0.090   0.152   0.265   0.299    21.7    20.7    20.0    19.7    19.4
53152 20250615  2.622 -119.88   34.41    23.9    11.6    17.8    17.7     0.0    29.17 C    34.2     6.9    20.0    97.4    46.2    79.2   0.058   0.090   0.152 -99.000   0.309    22.5    20.5    19.6    19.5    19.3
53152 20250616  2.622 -119.88   34.41    23.8    12.7    18.2    18.1     0.0    29.47 C    35.4     8.5    20.5    92.1    53.0    77.6   0.058   0.089   0.152 -99.000   0.311    23.1    21.1    20.0    19.7    19.5
53152 20250617  2.622 -119.88   34.41    25.8    11.4    18.6    19.0     0.0    29.50 C    36.4     7.9    21.4    92.6    46.5    73.1   0.057   0.088   0.151 -99.000   0.304    23.9    21.5    20.3    19.9    19.6
53152 20250618  2.622 -119.88   34.41    22.8    12.3    17.5    17.0     0.0    29.07 C    35.5     7.6    20.0    91.9    62.4    80.3   0.057   0.088   0.150 -99.000   0.304    23.2    21.5    20.5    20.2    19.8
53152 20250619  2.622 -119.88   34.41    20.4    12.2    16.3    16.4     0.0    19.73 C    32.6     8.0    18.3    96.9    66.1    85.4   0.057   0.088   0.150   0.263   0.296    21.8    20.9    20.4    20.2    20.0
53152 20250620  2.622 -119.88   34.41    22.7    10.1    16.4    16.3     0.0    28.92 C    34.4     6.2    18.8    97.7    51.8    80.2   0.056   0.088   0.150 -99.000   0.301    22.2    20.6    19.9    20.0    19.9
53152 20250621  2.622 -119.88   34.41    22.8    10.5    16.7    17.3     0.0    28.76 C    35.1     6.7    19.2    87.6    27.7    65.8   0.056   0.087   0.149 -99.000   0.301    22.3    20.7    19.9    20.0    19.9
53152 20250622  2.622 -119.88   34.41    21.9    14.2    18.1    18.5     0.0    29.00 C    33.9    10.2    21.2    82.8    24.9    65.4   0.056   0.087   0.149 -99.000   0.303    23.7    21.7    20.6    20.2    20.0
53152 20250623  2.622 -119.88   34.41    21.2    11.7    16.4    16.4     0.0    27.83 C    33.3     7.8    19.7    92.5    66.1    80.0   0.056   0.086   0.149 -99.000   0.299    22.8    21.6    20.7    20.4    20.2
53152 20250624  2.622 -119.88   34.41    19.1    13.0    16.1    15.7     0.3    18.46 C    29.4     9.4    18.1    97.3    72.7    86.1   0.056   0.086   0.148   0.260   0.297    21.2    20.9    20.6    20.5    20.3
53152 20250625  2.622 -119.88   34.41    20.5    13.6    17.0    16.2     0.0    18.24 C    32.7    12.2    18.9    94.4    74.0    86.7   0.055   0.086   0.147   0.261   0.302    21.8    21.0    20.5    20.4    20.2
53152 20250626  2.622 -119.88   34.41    20.8    14.4    17.6    16.3     0.0    16.65 C    33.6    13.3    19.0    94.4    74.2    86.7   0.056   0.086   0.147   0.260   0.295    21.9    21.2    20.6    20.4    20.2
53152 20250627  2.622 -119.88   34.41    20.2    14.1    17.2    16.4     0.0    20.04 C    32.7    14.5    19.9    98.4    75.6    88.3   0.056   0.086   0.147   0.259   0.296    22.7    21.5    20.8    20.5    20.2
53152 20250628  2.622 -119.88   34.41    21.2    13.9    17.6    16.6     0.0    23.31 C    42.4   -10.0    15.0    99.3    68.7    88.4   0.056   0.086   0.147   0.259   0.299    23.6    22.1    21.1    20.6    20.3
53152 20250629  2.622 -119.88   34.41    19.3    12.6    15.9    15.9     0.0    25.92 C    27.7    -7.3    11.3    97.2    72.1    85.5   0.055   0.085   0.147 -99.000   0.299    23.1    22.1    21.2    20.8    20.5
53152 20250630  2.622 -119.88   34.41    19.2    13.1    16.2    15.5     0.0    20.62 C    27.6     4.8    13.7    99.1    75.1    88.5   0.055   0.085   0.146 -99.000   0.298    21.9    21.4    20.9    20.8    20.6
53152 20250701  2.622 -119.88   34.41    19.3    13.1    16.2    15.5     0.0    21.47 C    30.0     9.2    16.5    98.7    73.1    87.5   0.055   0.085   0.145   0.261   0.299    22.1    21.3    20.8    20.7    20.5
53152 20250702  2.622 -119.88   34.41    20.8    13.4    17.1    16.1     0.0    20.67 C    32.7    13.2    19.2    94.2    68.9    85.7   0.055   0.085   0.145   0.259   0.296    23.1    21.8    21.0    20.7    20.6
53152 20250703  2.622 -119.88   34.41    22.7    14.4    18.6    17.5     0.0    22.22 C    35.5    10.7    20.6    94.7    65.9    83.3   0.054   0.085   0.145 -99.000   0.298    24.2    22.5    21.4    20.9    20.7
53152 20250704  2.622 -119.88   34.41    20.2    13.9    17.0    16.3     0.0    18.20 C    29.6    10.1    19.2    96.6    74.6    87.0   0.054   0.084   0.145   0.259   0.297    22.2    21.6    21.1    21.0    20.8
53152 20250705  2.622 -119.88   34.41    21.7    13.3    17.5    17.5     0.0    26.38 C    34.7     9.6    20.8    94.5    67.5    82.7   0.054   0.084   0.144 -99.000   0.305    23.6    21.9    20.9    20.8    20.7
53152 20250706  2.622 -119.88   34.41    21.1    12.0    16.5    16.9     0.0    26.97 C    34.5     8.7    20.1    97.4    66.4    84.1   0.054   0.083   0.144   0.261   0.306    23.4    21.9    21.0    20.9    20.8
53152 20250707  2.622 -119.88   34.41    20.4    13.2    16.8    16.5     0.0    23.85 C    33.7     9.4    19.8    93.2    66.8    82.5   0.053   0.083   0.144 -99.000   0.307    23.1    22.0    21.3    21.1    20.9
53152 20250708  2.622 -119.88   34.41    21.4    11.8    16.6    16.9     0.0    28.91 C    35.2    10.1    20.6    97.9    64.3    83.3   0.053   0.083   0.143   0.258   0.305    23.5    22.0    21.0    21.0    20.9
53152 20250709  2.622 -119.88   34.41    22.4    11.9    17.1    17.6     0.0    28.56 C    36.6     9.1    21.3    95.9    64.7    80.9   0.053   0.082   0.143 -99.000   0.297    24.1    22.3    21.2    21.1    20.9
53152 20250710  2.622 -119.88   34.41    23.0    12.4    17.7    17.5     0.0    28.76 C    37.7     8.5    21.3    96.5    63.7    83.1   0.053   0.082   0.143 -99.000   0.305    24.2    22.4    21.4    21.2    21.0
53152 20250711  2.622 -119.88   34.41    20.0    13.1    16.6    16.0     0.0    20.08 C    34.1     9.3    20.0    97.1    75.0    89.0   0.052   0.082   0.142 -99.000   0.301    23.3    22.2    21.6    21.4    21.2
53152 20250712  2.622 -119.88   34.41    22.7    13.9    18.3    16.5     0.3    18.15 C    36.2    14.7    20.4    99.5    69.2    90.0   0.052   0.082   0.142   0.259   0.298    23.4    22.4    21.8    21.5    21.3
53152 20250713  2.622 -119.88   34.41    19.8    14.0    16.9    15.5     0.7    19.11 C    33.5    14.8    19.5   100.0    73.9    91.0   0.052   0.082   0.142 -99.000   0.297    22.8    22.1    21.6    21.5    21.3
53152 20250714  2.622 -119.88   34.41    20.9    13.7    17.3    16.0     0.2    18.06 C    34.2    14.8    20.0    98.8    72.7    89.3   0.052   0.082   0.142   0.258   0.297    23.2    22.2    21.7    21.4    21.3
53152 20250715  2.622 -119.88   34.41    22.4    13.6    18.0    16.6     0.3    18.95 C    35.7    14.5    20.6    98.9    70.7    87.3   0.052   0.081   0.142   0.263   0.296    23.3    22.2    21.7    21.5    21.3
53152 20250716  2.622 -119.88   34.41    22.8    12.4    17.6    17.4     0.5    22.13 C    35.6     9.1    21.1    98.6    62.9    84.6   0.052   0.081   0.142   0.250   0.299    24.1    22.7    21.9    21.6    21.3
53152 20250717  2.622 -119.88   34.41    20.9    12.4    16.7    16.9     0.0    23.51 C    35.1     9.1    20.8    94.4    68.1    83.9   0.052   0.081   0.142   0.254   0.302    24.0    22.7    21.9    21.6    21.4
53152 20250718  2.622 -119.88   34.41    21.1    14.4    17.8    17.6     0.0    26.38 C    35.3    10.6    21.3    94.8    71.3    84.4   0.051   0.081   0.141 -99.000   0.302    24.6    23.0    22.0    21.7    21.5
53152 20250719  2.622 -119.88   34.41    21.4    15.6    18.5    17.9     0.0    24.19 C    35.4    14.7    21.8    91.8    67.9    82.4   0.051   0.080   0.141 -99.000   0.302    25.2    23.5    22.4    21.9    21.6
53152 20250720  2.622 -119.88   34.41    20.9    14.2    17.5    16.9     0.0    19.63 C    34.3     9.8    19.9    94.7    73.8    86.3   0.051   0.080   0.141 -99.000   0.300    23.4    22.7    22.1    22.0    21.7
53152 20250721  2.622 -119.88   34.41    21.2    14.0    17.6    16.8     0.3    18.83 C    35.7    10.4    19.6    99.0    70.1    87.7   0.051   0.079   0.140   0.257   0.297    22.7    22.2    21.8    21.8    21.7
53152 20250722  2.622 -119.88   34.41    21.8    12.2    17.0    17.0     0.0    24.53 C    36.4     9.1    20.4    99.7    67.8    86.3   0.051   0.079   0.140   0.250   0.301    23.7    22.3    21.5    21.6    21.6
53152 20250723  2.622 -119.88   34.41    21.1    13.2    17.2    17.0     0.0    20.77 C    34.1     9.2    19.8    95.1    67.4    83.6   0.051   0.079   0.140   0.249   0.301    23.7    22.6    21.9    21.8    21.6
53152 20250724  2.622 -119.88   34.41    22.0    11.5    16.8    17.1     0.0    27.56 C    36.3     8.2    19.8    96.9    67.1    83.3   0.050   0.078   0.140   0.259   0.306    23.3    22.0    21.3    21.6    21.6
53152 20250725  2.622 -119.88   34.41    22.1    10.9    16.5    17.1     0.0    27.79 C    35.7     7.9    20.0    96.7    66.3    82.4   0.050   0.078   0.140 -99.000   0.302    23.4    22.1    21.4    21.5    21.5
53152 20250726  2.622 -119.88   34.41    21.7    12.4    17.0    16.9     0.0    23.05 C    35.6     9.0    19.6    94.7    66.9    82.3   0.050   0.078   0.139 -99.000   0.301    23.5    22.4    21.7    21.7    21.6
53152 20250727  2.622 -119.88   34.41    21.7    11.9    16.8    17.0     0.0    27.05 C    35.6     9.5    20.5    95.3    70.4    83.8   0.050   0.077   0.139 -99.000   0.301    24.1    22.6    21.7    21.7    21.6
53152 20250728  2.622 -119.88   34.41    20.7    12.7    16.7    17.0     0.0    22.07 C    33.8     8.7    20.1    97.9    71.2    84.9   0.050   0.077   0.139 -99.000   0.303    23.9    22.6    21.9    21.8    21.7
53152 20250729  2.622 -119.88   34.41    21.1    12.8    17.0    17.1     0.0    23.61 C    34.6     8.8    19.9    97.1    72.4    85.3   0.049   0.077   0.139   0.249   0.304    23.7    22.5    21.8    21.8    21.7
53152 20250730  2.622 -119.88   34.41    22.3    13.2    17.8    17.6     0.0    27.25 C    36.1     9.4    20.7    95.2    68.8    82.6   0.049   0.077   0.139 -99.000   0.311    24.3    22.8    21.9    21.8    21.8
53152 20250731  2.622 -119.88   34.41    21.8    11.5    16.6    17.0     0.0    27.49 C    35.8     8.2    20.2    95.3    69.7    83.9   0.049   0.076   0.138   0.259   0.306    24.0    22.5    21.7    21.8    21.8
53152 20250801  2.622 -119.88   34.41    21.2    13.0    17.1    16.8     0.0    22.63 C    34.8     9.8    19.9    96.6    71.4    85.8   0.049   0.076   0.138   0.258   0.303    23.9    22.8    22.1    22.0    21.9
53152 20250802  2.622 -119.88   34.41    18.8    12.9    15.9    15.9     0.0    19.59 C    31.1     9.4    18.5    97.0    76.9    89.1   0.049   0.076   0.138   0.259   0.302    22.6    22.0    21.8    21.9    21.9
53152 20250803  2.622 -119.88   34.41    18.5    11.5    15.0    15.5     0.0    21.08 C    30.8     8.1    17.4    97.6    78.1    89.8   0.049   0.075   0.137   0.256   0.302    21.9    21.4    21.3    21.8    21.8
53152 20250804  2.622 -119.88   34.41    21.6    11.5    16.5    17.0     0.0    20.67 C    34.0     7.4    18.2    95.5    69.9    83.5   0.049   0.075   0.137 -99.000   0.304    22.3    21.3    21.1    21.6    21.7
53152 20250805  2.622 -119.88   34.41    22.3    13.0    17.6    17.5     0.0    24.48 C    33.9     8.9    19.2    92.2    61.3    81.8   0.049   0.075   0.136   0.252   0.311    23.8    22.2    21.5    21.6    21.7
53152 20250806  2.622 -119.88   34.41    21.5    13.1    17.3    17.1     0.0    25.94 C    33.1     8.6    18.5    95.4    69.2    84.8   0.049   0.075   0.136 -99.000   0.306    23.7    22.4    21.7    21.8    21.7
53152 20250807  2.622 -119.88   34.41    21.2    14.2    17.7    17.1     0.0    23.00 C    29.0     8.6    18.4    99.8    72.7    86.9   0.049   0.075   0.136 -99.000   0.308    24.5    23.1    22.2    22.0    21.8
53152 20250808  2.622 -119.88   34.41    21.9    12.5    17.2    17.3     0.0    24.89 C    30.5     7.5    16.8    97.9    69.0    85.6   0.048   0.074   0.135 -99.000   0.313    23.8    22.5    21.9    22.0    21.9
53152 20250809  2.622 -119.88   34.41    19.4    14.1    16.8    16.2     0.0    18.48 C    23.4     6.7    14.5    99.6    77.5    90.5   0.048   0.074   0.135   0.256   0.303    22.7    22.4    22.1    22.1    22.0
53152 20250810  2.622 -119.88   34.41    20.2    13.7    17.0    16.2     0.0    21.62 C    25.8     5.7    14.1    99.2    75.0    89.2   0.048   0.074   0.136   0.259   0.309    23.8    22.7    22.1    22.1    22.0
53152 20250811  2.622 -119.88   34.41    21.0    12.4    16.7    16.5     0.0    20.18 C    27.0     4.4    13.8   100.0    70.5    88.2   0.048   0.074   0.136   0.256   0.306    22.8    22.1    21.7    22.0    21.9
53152 20250812  2.622 -119.88   34.41    21.0    12.9    16.9    17.0     0.0    24.49 C    27.3     5.7    14.7    96.9    72.5    85.4   0.048   0.074   0.135 -99.000   0.311    23.6    22.3    21.7    21.9    21.9
53152 20250813  2.622 -119.88   34.41    20.6    13.1    16.8    16.9     0.0    21.96 C    28.7     5.9    14.7    97.6    74.3    87.3   0.048   0.073   0.135 -99.000   0.308    23.3    22.3    21.8    22.0    21.9
53152 20250814  2.622 -119.88   34.41    21.6    13.0    17.3    17.2     0.0    23.02 C    28.8     5.6    15.0    97.4    70.1    86.3   0.048   0.073   0.134 -99.000   0.311    23.8    22.5    21.8    22.0    22.0
53152 20250815  2.622 -119.88   34.41    20.5    13.7    17.1    17.1     0.0    11.63 C    22.3     6.4    13.4    98.4    76.4    88.7   0.048   0.073   0.135 -99.000   0.299    21.5    21.7    21.7    22.0    22.0
53152 20250816  2.622 -119.88   34.41    22.5    13.5    18.0    18.1     0.0    20.26 C    28.6     6.0    15.5    97.1    71.9    86.3   0.048   0.073   0.135 -99.000   0.309    23.9    22.5    21.8    21.9    21.9
53152 20250817  2.622 -119.88   34.41    22.3    14.6    18.5    18.7     0.0    20.43 C    28.7     7.6    16.1    95.9    73.0    84.9   0.048   0.073   0.135 -99.000   0.315    24.6    23.1    22.2    22.0    21.9
53152 20250818  2.622 -119.88   34.41    24.6    15.9    20.3    19.8     0.0    24.75 C    31.2     7.8    17.1    93.4    68.8    82.0   0.048   0.073   0.135 -99.000   0.310    25.4    23.6    22.5    22.2    22.1
53152 20250819  2.622 -119.88   34.41    24.9    13.9    19.4    20.2     0.0    25.33 C    31.8     7.8    18.3    92.0    60.4    80.1   0.048   0.073   0.134 -99.000   0.314    25.8    23.8    22.7    22.4    22.2
53152 20250820  2.622 -119.88   34.41    25.9    14.2    20.0    20.5     0.0    25.38 C    33.2     8.2    19.2    91.6    53.8    79.7   0.048   0.073   0.134 -99.000   0.308    26.2    24.2    23.1    22.6    22.4
53152 20250821  2.622 -119.88   34.41    26.2    15.5    20.9    21.2     0.0    25.17 C    35.0     9.5    20.3    92.3    59.4    80.4   0.048   0.072   0.134 -99.000   0.313    26.7    24.6    23.4    22.8    22.5
53152 20250822  2.622 -119.88   34.41    27.2    17.0    22.1    21.4     0.0    24.03 C    36.6    11.4    21.5    93.3    57.8    80.1   0.048   0.072   0.134 -99.000   0.314    27.1    25.1    23.8    23.2    22.8
53152 20250823  2.622 -119.88   34.41    24.2    14.8    19.5    19.5     0.0    21.72 C    38.1    10.0    19.7    99.2    68.2    85.2   0.047   0.072   0.134 -99.000   0.314    24.9    24.0    23.3    23.1    22.9
53152 20250824  2.622 -119.88   34.41    23.7    14.9    19.3    19.8     0.0    24.05 C    34.9    10.7    21.1    96.8    63.9    82.7   0.047   0.072   0.134 -99.000   0.313    26.0    24.5    23.5    23.1    22.9
53152 20250825  2.622 -119.88   34.41    23.9    15.6    19.8    19.5     0.0    24.47 C    35.2    10.4    20.4    94.6    60.3    82.8   0.047   0.072   0.134 -99.000   0.318    25.4    24.2    23.3    23.2    23.0
53152 20250826  2.622 -119.88   34.41    22.7    13.0    17.8    17.9     0.0    22.60 C    34.5     9.0    18.5    98.3    67.7    84.7   0.047   0.071   0.132 -99.000   0.314    23.7    23.1    22.6    22.9    22.9
53152 20250827  2.622 -119.88   34.41    24.1    11.3    17.7    18.3     0.0    24.53 C    34.5     7.8    19.2    97.9    65.4    84.7   0.047   0.071   0.133 -99.000   0.318    23.9    22.9    22.3    22.7    22.8
53152 20250828  2.622 -119.88   34.41    24.8    14.3    19.6    19.5     0.0    23.83 C    37.6    10.7    20.8    96.0    63.2    83.3   0.047   0.071   0.133 -99.000   0.312    25.2    23.7    22.8    22.8    22.8
53152 20250829  2.622 -119.88   34.41    24.6    14.3    19.4    19.9     0.0    23.63 C    36.7     9.7    21.2    92.2    64.8    81.1   0.047   0.071   0.133 -99.000   0.317    25.3    23.9    23.0    22.9    22.8
53152 20250830  2.622 -119.88   34.41    24.9    14.3    19.6    20.0     0.0    23.67 C    36.6    10.6    21.1    97.8    67.9    84.1   0.047   0.071   0.133 -99.000   0.316    25.3    24.0    23.1    23.1    22.9
53152 20250831  2.622 -119.88   34.41    25.8    14.2    20.0    20.3     0.0    23.44 C    38.5    10.0    21.5    98.6    70.9    85.9   0.047   0.071   0.132 -99.000   0.316    25.5    24.0    23.1    23.1    22.9
53152 20250901  2.622 -119.88   34.41    25.4    16.4    20.9    20.7     0.0    22.99 C    38.0    11.8    22.5    97.9    73.5    87.6   0.047   0.071   0.132 -99.000   0.317    26.3    24.8    23.7    23.3    23.0
53152 20250902  2.622 -119.88   34.41    24.4    17.6    21.0    20.3     0.0    20.58 C    35.8    13.1    22.1    95.9    68.1    84.2   0.047   0.071   0.132 -99.000   0.317    26.4    25.2    24.2    23.6    23.3
53152 20250903  2.622 -119.88   34.41    26.4    16.6    21.5    21.5     0.0    23.20 C    37.6    12.9    22.8    92.5    61.4    82.0   0.047   0.071   0.132 -99.000   0.321    26.7    25.1    24.0    23.6    23.3
53152 20250904  2.622 -119.88   34.41    24.5    16.7    20.6    20.5     0.0    22.96 C    35.7    11.9    21.7    95.8    65.9    84.2   0.047   0.070   0.132 -99.000   0.313    26.0    24.8    24.0    23.7    23.4
53152 20250905  2.622 -119.88   34.41    23.7    14.7    19.2    19.3     0.0    21.08 C    35.7     9.3    20.4    96.5    66.4    83.1   0.047   0.070   0.132 -99.000   0.321    25.0    24.1    23.5    23.6    23.4
53152 20250906  2.622 -119.88   34.41    24.0    14.2    19.1    19.2     0.0    22.22 C    35.8     8.4    20.2    94.0    61.5    81.4   0.046   0.070   0.130 -99.000   0.315    24.6    23.8    23.2    23.4    23.4
53152 20250907  2.622 -119.88   34.41    25.2    13.3    19.2    19.4     0.0    23.92 C    37.0     7.9    20.2    95.0    54.7    82.9   0.046   0.070   0.130 -99.000   0.318    24.0    23.0    22.5    23.1    23.2
53152 20250908  2.622 -119.88   34.41    25.3    12.6    19.0    19.8     0.0    23.32 C    38.0     8.0    20.5    96.1    62.6    81.3   0.046   0.070   0.130 -99.000   0.318    24.2    23.1    22.5    23.0    23.1
53152 20250909  2.622 -119.88   34.41    25.1    13.7    19.4    20.2     0.0    22.51 C    37.6     8.8    21.3    95.3    49.7    78.4   0.046   0.070   0.130 -99.000   0.321    24.6    23.5    22.9    23.1    23.1
53152 20250910  2.622 -119.88   34.41    24.3    15.0    19.7    19.8     0.0    20.20 C    35.1    10.9    20.6    88.6    61.8    78.3   0.046   0.070   0.130 -99.000   0.314    24.2    23.7    23.1    23.2    23.2
53152 20250911  2.622 -119.88   34.41    24.5    12.5    18.5    19.8     0.0    22.25 C    36.5     9.0    20.8    93.1    56.0    76.2   0.046   0.070   0.130 -99.000   0.318    24.2    23.2    22.7    23.0    23.1
53152 20250912  2.622 -119.88   34.41    23.6    13.7    18.6    19.1     0.0    21.84 C    37.3    10.6    20.7    93.5    62.1    81.7   0.046   0.070   0.130 -99.000   0.320    24.3    23.3    22.7    23.1    23.1
53152 20250913  2.622 -119.88   34.41    22.9    14.4    18.7    19.2     0.0    17.13 C    34.1    10.7    20.5    95.4    68.6    82.8   0.046   0.070   0.130 -99.000   0.309    23.8    23.2    22.9    23.1    23.1
53152 20250914  2.622 -119.88   34.41    23.0    14.9    18.9    18.7     0.0    14.17 C    34.9    10.8    19.9    96.9    73.1    88.1   0.046   0.070   0.130   0.255   0.309    23.5    23.0    22.9    23.1    23.1
53152 20250915  2.622 -119.88   34.41    22.6    16.8    19.7    19.3     0.0    14.61 C    35.0    16.5    21.6    99.5    75.4    88.9   0.047   0.070   0.130   0.257   0.310    25.2    24.1    23.5    23.2    23.1
53152 20250916  2.622 -119.88   34.41    22.4    16.7    19.5    18.6     0.0    16.79 C    77.2   -38.1    20.8   100.0    75.4    91.6   0.047   0.070   0.130   0.257   0.312    24.4    23.9    23.4    23.2    23.1
53152 20250917  2.622 -119.88   34.41    23.6    16.6    20.1    20.0     0.0    14.46 C    34.1     7.3    18.7    97.1    74.6    85.4   0.047   0.070   0.130   0.257   0.306    24.1    23.6    23.2    23.2    23.1
53152 20250918  2.622 -119.88   34.41    20.3    18.2    19.3    19.0     1.7     2.42 C    19.5    15.8    17.4    96.9    84.5    92.7   0.047   0.070   0.130   0.256   0.301    21.2    22.4    23.0    23.2    23.1
53152 20250919  2.622 -119.88   34.41    23.7    18.3    21.0    20.2     1.2    14.41 C    31.4    11.1    18.8    98.6    77.9    90.6   0.051   0.070   0.130   0.256   0.306    23.0    22.8    22.8    22.9    23.0
53152 20250920  2.622 -119.88   34.41    22.9    18.1    20.5    19.8     0.0    16.99 C    35.6    14.6    21.5    96.1    77.8    89.6   0.051   0.070   0.130   0.248   0.319    23.9    23.0    22.8    22.9    22.9
53152 20250921  2.622 -119.88   34.41    22.8    15.5    19.2    19.2     0.0    19.31 C    35.4    11.5    20.8    99.1    73.7    88.7   0.050   0.070   0.130 -99.000   0.321    23.6    22.6    22.4    22.8    22.8
53152 20250922  2.622 -119.88   34.41    21.1    17.0    19.0    18.3     0.0    11.03 C    89.7    14.4    31.6   100.0    82.5    94.5   0.051   0.071   0.130   0.257   0.306    23.3    22.9    22.7    22.8    22.8
53152 20250923  2.622 -119.88   34.41    23.8    16.9    20.4    19.2     6.1    14.26 C    36.4    -0.8    16.9   100.0    75.8    92.6   0.052   0.071   0.131   0.250   0.311    23.7    23.1    22.8    22.8    22.8
53152 20250924  2.622 -119.88   34.41    24.1    17.9    21.0    19.9     0.0    17.84 C    68.1     5.9    19.6    99.0    77.4    92.6   0.062   0.078   0.135   0.257   0.315    22.6    22.5    22.6    22.8    22.8
53152 20250925  2.622 -119.88   34.41    21.7    16.8    19.2    18.8     0.0     6.45 C    23.6     0.5    13.7    99.8    83.6    94.0   0.062   0.078   0.134   0.256   0.301    21.2    21.5    22.1    22.7    22.8
53152 20250926  2.622 -119.88   34.41    21.9    16.7    19.3    19.3     0.0    10.30 C    30.4    10.1    18.6    96.4    75.1    86.0   0.062   0.078   0.133   0.255   0.305    21.9    21.5    21.8    22.4    22.6
53152 20250927  2.622 -119.88   34.41    21.5    18.4    20.0    19.9     0.0     4.41 C    24.1    15.3    18.9    95.5    74.8    84.1   0.063   0.078   0.133   0.255   0.300    21.5    21.5    21.9    22.3    22.5
53152 20250928  2.622 -119.88   34.41    22.2    14.7    18.5    19.3     0.0     7.62 C    27.4    10.0    18.2    92.7    67.6    82.4   0.063   0.078   0.133   0.255   0.303    21.0    21.0    21.4    22.1    22.3
53152 20250929  2.622 -119.88   34.41    22.8    13.1    17.9    17.8     0.0     9.98 C    34.9     9.4    17.3    97.2    54.9    82.3   0.062   0.077   0.133   0.254   0.304    19.8    19.9    20.5    21.7    22.1
53152 20250930  2.622 -119.88   34.41    23.2    13.0    18.1    18.8     0.0    18.98 C    34.8     9.3    19.9    90.6    66.2    80.1   0.062   0.077   0.132 -99.000   0.321    21.7    20.8    20.8    21.5    21.9
53152 20251001  2.622 -119.88   34.41    22.9    12.2    17.5    18.1     0.0    19.25 C    35.1     9.6    19.2    97.7    67.9    84.3   0.061   0.077   0.132 -99.000   0.317    21.2    20.6    20.6    21.5    21.8
53152 20251002  2.622 -119.88   34.41    23.3    13.1    18.2    18.4     0.0    17.83 C    35.6     9.7    19.8    97.1    72.6    87.7   0.060   0.076   0.132 -99.000   0.315    21.7    20.9    20.8    21.5    21.7
53152 20251003  2.622 -119.88   34.41    25.0    12.6    18.8    19.6     0.0    19.85 C    33.8     7.4    19.6    94.5    38.3    63.6   0.059   0.076   0.132 -99.000   0.318    21.1    20.8    20.9    21.5    21.7
53152 20251004  2.622 -119.88   34.41    23.0    13.6    18.3    18.4     0.0    19.50 C    37.8     8.4    19.6    87.3    47.0    66.5   0.057   0.075   0.132 -99.000   0.316    21.0    20.3    20.4    21.4    21.6
53152 20251005  2.622 -119.88   34.41    22.1    11.7    16.9    16.5     0.0    19.08 C    36.4     7.7    18.0    94.7    73.0    82.6   0.056   0.074   0.132 -99.000   0.313    20.2    19.8    20.0    21.1    21.5
53152 20251006  2.622 -119.88   34.41    22.3    13.5    17.9    17.1     0.0    13.76 C    34.2     9.4    19.2    95.6    69.9    86.5   0.056   0.074   0.132 -99.000   0.306    21.1    20.6    20.6    21.2    21.4
53152 20251007  2.622 -119.88   34.41    21.2    13.4    17.3    17.0     0.0    13.78 C    36.3     8.8    19.2    95.4    66.6    85.4   0.055   0.074   0.132 -99.000   0.304    21.2    20.8    20.7    21.2    21.4
53152 20251008  2.622 -119.88   34.41    22.0    11.8    16.9    17.0     0.0    18.43 C    34.6     8.3    18.7    96.9    62.5    83.0   0.055   0.074   0.132 -99.000   0.315    20.7    20.3    20.3    21.1    21.4
53152 20251009  2.622 -119.88   34.41    22.5     8.5    15.5    16.1     0.0    18.93 C    34.7     6.6    17.4    95.0    64.7    83.5   0.054   0.074   0.131 -99.000   0.309    19.6    19.5    19.8    20.9    21.2
53152 20251010  2.622 -119.88   34.41    24.5    10.2    17.4    17.7     0.0    19.05 C    37.8     6.8    18.7    97.7    49.8    78.2   0.054   0.073   0.132 -99.000   0.316    20.2    19.5    19.7    20.7    21.1
53152 20251011  2.622 -119.88   34.41    31.6    10.3    20.9    20.1     0.0    18.89 C    40.8     7.4    20.0    93.2    14.2    55.7   0.053   0.073   0.131 -99.000   0.312    20.8    19.7    19.7    20.7    21.1
53152 20251012  2.622 -119.88   34.41    23.9     8.6    16.2    18.0     0.0    18.73 C    37.5     5.1    18.3    76.4    34.1    58.6   0.052   0.073   0.131 -99.000   0.317    19.7    19.2    19.4    20.5    21.0
53152 20251013  2.622 -119.88   34.41    21.7    10.1    15.9    16.6     6.9    13.53 C    45.5     7.6    18.8    92.4    59.3    75.7   0.052   0.073   0.131   0.249   0.301    19.5    19.5    19.7    20.6    20.9
53152 20251014  2.622 -119.88   34.41    18.2    10.2    14.2    14.1    13.5    11.84 C    47.7    -0.5    19.9    93.9    70.8    85.8   0.128   0.100   0.147 -99.000   0.309    16.8    17.9    19.0    20.4    20.8
53152 20251015  2.622 -119.88   34.41    23.1     8.0    15.5    15.0     0.0    17.88 C    47.9     3.3    16.6    93.1    41.0    69.4   0.152   0.128   0.148 -99.000   0.318    15.4    16.3    17.6    19.8    20.4
53152 20251016  2.622 -119.88   34.41    21.2     8.3    14.7    14.9     0.0    18.03 C    29.8     2.7    12.8    90.3    54.6    78.5   0.148   0.132   0.147   0.253   0.323    16.2    16.3    17.3    19.3    20.0
53152 20251017  2.622 -119.88   34.41    24.5     9.3    16.9    16.6     0.0    17.91 C    34.0     4.2    15.0    90.9    39.2    72.8   0.142   0.132   0.147 -99.000   0.323    17.0    16.8    17.5    19.1    19.8
53152 20251018  2.622 -119.88   34.41    25.9    10.2    18.1    17.0     0.0    17.69 C    36.1     6.1    16.8    85.6    28.2    68.8   0.137   0.131   0.147 -99.000   0.315    17.4    17.0    17.6    19.1    19.6
53152 20251019  2.622 -119.88   34.41    22.4    10.6    16.5    16.1     0.0    16.76 C    34.5     7.4    16.6    96.7    66.5    84.8   0.133   0.130   0.147 -99.000   0.315    17.4    17.2    17.7    19.0    19.6
53152 20251020  2.622 -119.88   34.41    22.2    10.6    16.4    16.1     0.0    17.25 C    33.5     6.7    16.4    97.6    66.9    88.2   0.129   0.129   0.147 -99.000   0.311    17.6    17.3    17.8    19.0    19.5
53152 20251021  2.622 -119.88   34.41    20.1    13.0    16.5    15.8     0.0    11.74 C    30.7     7.7    16.4    99.7    74.7    91.1   0.124   0.128   0.147   0.244   0.306    18.0    17.9    18.3    19.1    19.5
53152 20251022  2.622 -119.88   34.41    21.3    11.6    16.5    16.7     0.0    16.38 C    30.8     7.2    16.4    98.1    60.8    80.2   0.121   0.127   0.146   0.241   0.315    17.5    17.4    17.9    19.1    19.5
53152 20251023  2.622 -119.88   34.41    20.7    10.5    15.6    15.5     0.0    16.23 C    31.8     7.4    16.1    97.5    71.9    86.0   0.117   0.126   0.147 -99.000   0.312    17.2    17.0    17.6    18.9    19.4
53152 20251024  2.622 -119.88   34.41    20.5     9.9    15.2    15.3     0.0    15.56 C    29.9     6.4    15.7    99.9    76.6    91.6   0.113   0.125   0.147 -99.000   0.313    17.1    16.8    17.4    18.7    19.2
53152 20251025  2.622 -119.88   34.41    19.2    12.3    15.8    15.3     0.0    12.70 C    86.2     8.2    29.7   100.0    73.7    90.1   0.110   0.124   0.147   0.251   0.306    18.2    17.9    18.2    18.9    19.3
53152 20251026  2.622 -119.88   34.41    19.6    11.0    15.3    15.4     0.0    11.99 C    30.2     7.3    15.7   100.0    74.7    88.9   0.108   0.123   0.147 -99.000   0.308    17.4    17.2    17.7    18.8    19.2
53152 20251027  2.622 -119.88   34.41    20.2    10.4    15.3    15.3     0.0    15.14 C    31.1     5.9    15.1    98.5    72.1    86.7   0.106   0.122   0.147 -99.000   0.316    16.7    16.6    17.3    18.6    19.1
53152 20251028  2.622 -119.88   34.41    22.6     9.6    16.1    16.1     0.0    15.98 C    31.2     6.3    15.4    97.5    59.3    85.4   0.103   0.121   0.147 -99.000   0.318    16.9    16.7    17.2    18.5    19.0
53152 20251029  2.622 -119.88   34.41    26.9    10.4    18.6    17.5     0.0    15.96 C    36.0     6.3    16.9    94.1    24.6    69.3   0.100   0.120   0.147 -99.000   0.321    17.2    16.6    17.1    18.4    18.9
53152 20251030  2.622 -119.88   34.41    22.3     9.6    16.0    15.9     0.0    15.77 C    32.8     6.4    16.3    97.4    70.1    83.2   0.098   0.119   0.147 -99.000   0.316    17.0    16.6    17.0    18.3    18.8
53152 20251031  2.622 -119.88   34.41    20.0    11.4    15.7    15.2     0.0    14.10 C    30.4     7.5    15.8    98.2    75.1    90.3   0.096   0.118   0.147   0.246   0.308    17.1    17.0    17.4    18.4    18.8
53152 20251101  2.622 -119.88   34.41    15.6    12.1    13.8    14.2     0.0     3.93 C    67.7     7.8    32.0   100.0    93.4    98.1   0.095   0.117   0.146   0.250   0.294    16.9    17.2    17.6    18.4    18.8
53152 20251102  2.622 -119.88   34.41    19.0    13.0    16.0    15.4     0.0     9.88 C    31.4    15.2    22.5   100.0    76.3    92.1   0.094   0.116   0.146   0.249   0.303    18.3    17.8    18.0    18.5    18.8
53152 20251103  2.622 -119.88   34.41    19.6    11.5    15.5    16.0     0.0    11.29 C    32.4     7.2    18.9    96.7    74.8    87.8   0.092   0.115   0.147   0.251   0.305    18.8    18.2    18.3    18.7    18.9
53152 20251104  2.622 -119.88   34.41    18.9    13.6    16.2    16.1     0.0    11.71 C    30.7    13.5    18.5    93.6    72.7    83.9   0.090   0.114   0.147 -99.000   0.305    19.0    18.3    18.4    18.8    19.0
53152 20251105  2.622 -119.88   34.41    20.2    13.3    16.8    16.6     0.0     7.93 C    32.7     9.2    17.0    88.1    57.3    75.3   0.088   0.113   0.147   0.252   0.301    18.4    18.2    18.4    18.9    19.1
53152 20251106  2.622 -119.88   34.41    20.7    10.1    15.4    15.3     0.0    14.39 C    31.8     5.8    15.3    97.7    70.9    87.4   0.086   0.112   0.146 -99.000   0.318    16.9    16.9    17.6    18.7    19.0
53152 20251107  2.622 -119.88   34.41    22.7     9.8    16.3    16.8     0.3    14.14 C    33.0     6.3    16.2    98.6    50.7    81.5   0.085   0.111   0.146 -99.000   0.310    17.1    16.7    17.3    18.4    18.8
53152 20251108  2.622 -119.88   34.41    19.0    11.7    15.3    15.9     0.2     9.60 C    29.0     7.8    16.8    99.7    76.3    92.3   0.084   0.110   0.146   0.247   0.300    17.5    17.3    17.6    18.4    18.8
53152 20251109  2.622 -119.88   34.41    18.1    13.7    15.9    15.5     0.0     7.09 C    26.9    13.3    17.3   100.0    87.8    95.9   0.083   0.109   0.146   0.249   0.300    18.6    18.4    18.4    18.6    18.8
53152 20251110  2.622 -119.88   34.41    19.3    12.4    15.9    15.0     0.0    11.61 C    51.5    11.3    31.1   100.0    80.7    95.5   0.082   0.108   0.146   0.250   0.303    18.1    17.9    18.2    18.7    18.9
53152 20251111  2.622 -119.88   34.41    18.9    13.8    16.3    15.4     0.0     8.07 C    55.8    21.2    30.0   100.0    84.5    94.8   0.081   0.107   0.146   0.247   0.299    18.0    18.0    18.2    18.7    18.9
53152 20251112  2.622 -119.88   34.41    19.6    10.8    15.2    15.6     0.0     6.43 C    37.8    10.5    26.2    99.5    77.7    92.4   0.080   0.106   0.145   0.250   0.299    16.8    17.2    17.8    18.6    18.9
53152 20251113  2.622 -119.88   34.41    20.6    11.2    15.9    16.6    16.6     5.24 C    25.3    13.9    19.5    99.3    74.6    88.5   0.088   0.107   0.147   0.252   0.296    17.1    17.2    17.6    18.4    18.8
53152 20251114  2.622 -119.88   34.41    16.7    14.7    15.7    15.8    65.3     1.27 C    19.1    12.1    16.4   100.0    94.6    98.4   0.284   0.249   0.274   0.341   0.353    16.9    17.2    17.6    18.2    18.6
53152 20251115  2.622 -119.88   34.41    16.2    12.9    14.5    15.0    44.4     1.35 C    16.0     9.1    11.9   100.0    92.0    97.1   0.368   0.359   0.393   0.436   0.417    16.4    17.1    17.5    18.1    18.5
53152 20251116  2.622 -119.88   34.41    15.3    12.4    13.9    14.0    21.4     2.78 C    12.2   -21.0     6.1    97.8    88.6    94.6   0.406   0.401   0.421   0.458   0.450    16.1    16.8    17.0    17.8    18.3
53152 20251117  2.622 -119.88   34.41    15.6     8.7    12.2    13.2    29.0     3.31 C     4.2   -16.4    -7.6    97.5    72.2    87.3   0.412   0.404   0.422   0.459   0.449    15.2    16.3    16.5    17.6    18.1
53152 20251118  2.622 -119.88   34.41    16.6     7.0    11.8    11.2     0.0    13.18 C    15.9   -17.5    -1.3    91.3    60.4    77.8   0.408   0.405   0.422 -99.000   0.464    13.5    15.3    15.6    16.9    17.8
53152 20251119  2.622 -119.88   34.41    18.2     6.0    12.1    11.8     0.0    13.01 C    16.5    -7.9     3.1    93.1    56.0    79.2   0.398   0.404   0.419 -99.000   0.462    12.8    14.5    15.2    16.5    17.4
53152 20251120  2.622 -119.88   34.41    14.8     7.3    11.1    11.0    12.7     2.21 C    21.7     4.9    12.7    98.5    81.1    91.6   0.398   0.404   0.424   0.466   0.448    12.9    14.1    14.8    16.3    17.1
53152 20251121  2.622 -119.88   34.41    17.5     8.2    12.9    12.4     0.0     8.13 C    24.8     6.7    13.8    98.9    65.1    84.9   0.404   0.406   0.424   0.468   0.453    13.4    14.5    14.8    16.0    16.8
53152 20251122  2.622 -119.88   34.41    21.7     7.4    14.6    13.9     0.0    12.99 C    26.1     6.1    13.3    89.0    37.6    72.8   0.397   0.405   0.424 -99.000   0.462    13.4    14.3    14.8    15.8    16.6
53152 20251123  2.622 -119.88   34.41    20.5     7.4    14.0    13.6     0.0    12.76 C    25.9     5.4    13.0    98.6    71.0    86.1   0.387   0.401   0.421 -99.000   0.456    13.5    14.0    14.8    15.8    16.5
53152 20251124  2.622 -119.88   34.41    18.0     7.8    12.9    12.5     0.0    11.76 C    24.2     5.5    11.7    99.9    76.9    92.7   0.378   0.389   0.423 -99.000   0.458    13.4    13.9    14.9    15.8    16.4
53152 20251125  2.622 -119.88   34.41    19.5     6.8    13.1    12.6     0.0    12.84 C    25.0     3.7    11.0   100.0    73.9    88.7   0.372   0.382   0.422 -99.000   0.462    12.9    13.5    14.6    15.7    16.3
53152 20251126  2.622 -119.88   34.41    24.4     6.5    15.5    14.1     0.0    12.98 C    28.5     3.5    12.1    85.4    25.1    65.9   0.364   0.374   0.422 -99.000   0.459    12.6    13.1    14.3    15.5    16.2
53152 20251127  2.622 -119.88   34.41    23.7     7.4    15.6    14.0     0.0    11.11 C    26.7     4.4    11.7    81.7    26.8    67.6   0.355   0.369   0.421 -99.000   0.457    12.7    13.2    14.2    15.4    16.0
53152 20251128  2.622 -119.88   34.41    19.6     6.1    12.9    12.9     0.0    12.50 C    25.3     3.5    11.5    97.9    54.5    81.7   0.351   0.365   0.419 -99.000   0.458    12.6    13.0    14.0    15.2    15.9
53152 20251129  2.622 -119.88   34.41    17.6     9.2    13.4    13.4     0.0    11.85 C    23.3     6.1    12.4    99.3    78.3    91.6   0.348   0.362   0.415 -99.000   0.451    13.6    13.8    14.4    15.2    15.8
53152 20251130  2.622 -119.88   34.41    18.0     7.8    12.9    12.5     0.0     9.41 C    24.6     5.5    11.1    98.5    76.2    91.1   0.346   0.358   0.401 -99.000   0.450    12.8    13.3    14.2    15.2    15.8
53152 20251201  2.622 -119.88   34.41    18.5     7.6    13.0    12.6     0.0    11.41 C    23.8     4.1    11.2    99.9    63.6    85.9   0.343   0.355   0.394 -99.000   0.457    12.7    13.2    14.1    15.2    15.7
53152 20251202  2.622 -119.88   34.41    19.1     6.0    12.6    12.5     0.0    11.13 C    24.4     3.3    11.0    96.7    48.7    83.2   0.341   0.351   0.392 -99.000   0.453    12.3    12.8    13.8    15.0    15.6
53152 20251203  2.622 -119.88   34.41    18.2     8.4    13.3    12.6     0.0     9.70 C    24.6     5.1    11.1    97.1    66.9    85.2   0.338   0.347   0.391 -99.000   0.449    12.5    13.0    13.9    14.9    15.5
53152 20251204  2.622 -119.88   34.41    20.1     6.0    13.1    12.3     0.0    11.77 C    23.7     2.7    10.4    91.4    40.8    76.4   0.336   0.342   0.387 -99.000   0.453    11.8    12.5    13.6    14.8    15.4
53152 20251205  2.622 -119.88   34.41    18.9     5.2    12.0    11.7     0.0    11.92 C    23.3     2.7    10.3    84.9    49.0    75.7   0.333   0.338   0.384 -99.000   0.456    11.5    12.1    13.3    14.6    15.3
53152 20251206  2.622 -119.88   34.41    18.1     6.1    12.1    12.0     0.0    11.64 C    24.1     4.3    11.2    96.2    68.7    85.8   0.331   0.335   0.381 -99.000   0.453    11.9    12.3    13.3    14.5    15.1
53152 20251207  2.622 -119.88   34.41    18.7     6.3    12.5    12.4     0.0    11.65 C    23.9     4.4    11.6    99.1    75.3    90.4   0.328   0.332   0.377 -99.000   0.451    12.2    12.5    13.4    14.4    15.0
53152 20251208  2.622 -119.88   34.41    20.0     6.3    13.1    13.2     0.0    11.90 C    24.6     4.6    11.7    99.7    63.8    86.1   0.325   0.330   0.373 -99.000   0.456    12.3    12.6    13.4    14.4    15.0
53152 20251209  2.622 -119.88   34.41    22.5     5.9    14.2    13.7     0.0    11.92 C    27.1     4.0    11.7    87.5    43.6    74.3   0.323   0.327   0.371 -99.000   0.447    12.1    12.4    13.3    14.4    15.0
53152 20251210  2.622 -119.88   34.41    23.3     6.6    15.0    14.5     0.0    11.96 C    26.8     4.2    12.1    83.3    31.2    68.9   0.320   0.324   0.366 -99.000   0.448    12.1    12.4    13.3    14.4    14.9
53152 20251211  2.622 -119.88   34.41    22.7     6.8    14.8    13.7     0.0    11.80 C    26.3     4.1    11.9    95.1    42.7    79.2   0.317   0.321   0.362 -99.000   0.441    12.1    12.4    13.3    14.3    14.9
53152 20251212  2.622 -119.88   34.41    16.8     7.9    12.3    12.3     0.2     8.61 C    22.9     4.6    13.0   100.0    90.8    95.8   0.315   0.318   0.362 -99.000   0.437    13.2    13.1    13.5    14.3    14.8
53152 20251213  2.622 -119.88   34.41    15.1     9.6    12.3    12.4     0.0     4.48 C    20.0     6.6    12.4   100.0    84.9    95.2   0.313   0.317   0.361   0.444   0.428    13.8    14.0    14.3    14.6    14.9
53152 20251214  2.622 -119.88   34.41    15.7     7.8    11.7    12.3     0.0     6.84 C    15.2    -9.0     4.3   100.0    81.0    95.5   0.311   0.315   0.360   0.444   0.433    13.2    13.7    14.2    14.8    15.1
53152 20251215  2.622 -119.88   34.41    19.1     7.1    13.1    12.7     0.0    10.10 C     8.2    -7.1     2.1   100.0    72.8    93.9   0.310   0.313   0.358 -99.000   0.432    12.7    13.1    13.8    14.7    15.1
53152 20251216  2.622 -119.88   34.41    19.0     7.4    13.2    13.5     0.0    11.11 C    22.6     1.3    10.7   100.0    75.0    88.3   0.309   0.310   0.356 -99.000   0.436    12.9    13.0    13.7    14.6    15.0
53152 20251217  2.622 -119.88   34.41    20.2    11.9    16.0    15.3     0.0    10.93 C    24.2     7.3    14.5   100.0    76.3    92.0   0.306   0.308   0.355 -99.000   0.435    14.8    14.5    14.5    14.8    15.1
53152 20251218  2.622 -119.88   34.41    28.6     9.9    19.2    18.5     0.0    11.29 C    27.8     5.4    13.4    90.5    29.8    62.1   0.303   0.304   0.350 -99.000   0.438    13.8    13.8    14.3    14.9    15.2
53152 20251219  2.622 -119.88   34.41    20.4     8.4    14.4    13.6     0.0    11.24 C    22.7     4.4    11.1    99.5    50.4    84.6   0.299   0.300   0.349 -99.000   0.432    12.4    13.0    13.9    14.9    15.2
53152 20251220  2.622 -119.88   34.41    18.3     7.9    13.1    13.0     0.0    10.47 C    22.3     5.6    11.8    98.7    78.3    90.5   0.296   0.298   0.347 -99.000   0.431    12.8    13.1    13.8    14.7    15.1
53152 20251221  2.622 -119.88   34.41    16.9    11.8    14.3    14.9     0.0     2.63 C    19.0     9.1    14.4    98.7    86.5    93.3   0.295   0.295   0.346   0.437   0.420    14.6    14.4    14.4    14.8    15.1
53152 20251222  2.622 -119.88   34.41    16.5    11.8    14.2    13.7     0.0     6.75 C    21.4     7.5    12.6   100.0    86.8    95.6   0.293   0.294   0.345   0.437   0.423    14.9    14.8    14.9    15.1    15.2
53152 20251223  2.622 -119.88   34.41    16.9    13.6    15.2    15.4    15.0     1.25 C    17.1    10.6    13.6    97.8    81.3    89.8   0.298   0.293   0.344   0.436   0.419    14.8    14.9    15.0    15.2    15.4
53152 20251224  2.622 -119.88   34.41    16.8    14.7    15.8    15.7   100.9     1.17 C    15.8     8.3    13.1    99.1    85.2    94.3   0.425   0.390   0.414   0.461   0.442    15.3    15.2    15.3    15.3    15.5
53152 20251225  2.622 -119.88   34.41    16.9    14.7    15.8    15.5    34.8     1.07 C    12.5    -2.8     5.5    98.6    83.9    92.8   0.427   0.398   0.419   0.464   0.445    15.2    15.3    15.3    15.4    15.6
53152 20251226  2.622 -119.88   34.41    16.4     8.5    12.5    13.8     4.2     3.78 C    -0.1   -12.1    -5.7   100.0    77.4    89.7   0.422   0.400   0.421   0.465   0.446    14.7    15.2    15.3    15.5    15.6
53152 20251227  2.622 -119.88   34.41    17.6     6.0    11.8    11.8     0.0    11.62 C     7.5   -28.1    -7.6    86.7    51.6    69.2   0.418   0.402   0.422   0.468   0.457    12.2    13.8    14.3    15.2    15.6
53152 20251228  2.622 -119.88   34.41    16.5     3.4     9.9     9.9     0.0    11.76 C    19.5     0.4     7.3    85.7    59.8    76.8   0.416   0.404   0.423   0.470   0.454    10.9    12.5    13.3    14.6    15.2
53152 20251229  2.622 -119.88   34.41    17.7     3.8    10.7    10.5     0.0    12.06 C    19.4     1.0     8.0    89.6    62.6    80.5   0.409   0.405   0.422   0.469   0.456    10.8    11.9    12.8    14.1    14.8
53152 20251230  2.622 -119.88   34.41    23.5     7.2    15.3    15.5     0.0     4.45 C    22.3     3.6    12.6    79.7    33.4    64.5   0.404   0.404   0.423   0.464   0.444    12.7    12.7    13.0    13.9    14.5
53152 20251231  2.622 -119.88   34.41    17.9    14.8    16.4    15.9     7.6     0.82 C    15.5     9.4    11.6    91.9    55.2    79.9   0.409   0.402   0.422   0.464   0.444    14.1    13.9    13.9    14.2    14.5
